z <- 4
x + g(x)
}
z <- 10
f(3)
ls(environment)
ls(environment("cube"))
ls(environment["cube"])
environment
environment()
?environment
squar <- function(x) {
x^n
}
squar(2)
n=2
squar(2)
n=3
squar(2)
library('forecast')
library('xts')
data<- c(1.0,1.0,0.0,0.0,0.0,0.0,0.0,0.0,2.0,1.0,0.0,1.0,1.0,0.0,1.0,0.0,1.0,1.0,1.0,3.0,4.0,0.0,0.0,1.0,2.0,0.0,0.0,2.0,0.0,0.0,1.0,0.0,0.0,0.0,3.0,6.0,9.0,
4.0,7.0,7.0,8.0,4.0,4.0,6.0,9.0,8.0,3.0,8.0,3.0,7.0,13.0,8.0,9.0,10.0,3.0,7.0,10.0,4.0,3.0,4.0,9.0,13.0,7.0,8.0,5.0,6.0,3.0,7.0,8.0,7.0,7.0,7.0,9.0,
11.0,4.0,5.0,3.0,5.0,6.0,7.0,11.0,9.0,7.0,10.0,10.0,10.0,13.0,18.0,15.0,9.0,4.0,3.0,3.0,12.0,6.0,15.0,7.0,20.0,12.0,1.0,5.0,6.0,8.0,8.0,2.0,5.0,2.0,
6.0,5.0,4.0,10.0,4.0,5.0,2.0,7.0,8.0,6.0,4.0,5.0,18.0,16.0,8.0,13.0,6.0,9.0,10.0,6.0,3.0,6.0,9.0,10.0,8.0,3.0,13.0,6.0,7.0,11.0,8.0,11.0,7.0,12.0,4.0,
9.0,7.0,3.0,9.0,6.0,9.0,7.0,2.0,9.0,5.0,6.0,13.0,10.0,5.0,9.0,3.0,5.0,3.0,2.0,5.0,4.0,1.0,9.0,1.0,7.0,2.0,3.0,3.0,3.0,5.0,7.0,14.0,10.0,13.0,11.0,15.0,
12.0,10.0,17.0,10.0,22.0,26.0,20.0,7.0,11.0,12.0,12.0,13.0,16.0,13.0,16.0,18.0,36.0,41.0,29.0,26.0,37.0,31.0,30.0,29.0,22.0,19.0,22.0,24.0,33.0,17.0,
31.0,23.0,23.0,22.0,10.0,24.0,17.0,26.0,27.0,14.0,17.0,23.0,35.0,19.0,18.0,18.0,17.0,18.0,9.0,17.0,16.0,16.0,16.0,18.0,15.0,15.0,24.0,10.0,11.0,16.0,
15.0,16.0,15.0,15.0,19.0,21.0,20.0,18.0,15.0,12.0,27.0,28.0,19.0,22.0,16.0,11.0,37.0,15.0,16.0,11.0,9.0,20.0,10.0,28.0,13.0,7.0,15.0,12.0,14.0,11.0,
11.0,21.0)
datats <- ts(data)
plot.ts(datats)
diff1<-diff(datats,differences=1)
plot.ts(diff1)
diff2<-diff(datats,differences=2)
plot.ts(diff2)
diff3<-diff(datats,differences=3)
plot.ts(diff3)
acf(diff4,lag.max=50)
acf(diff4,lag.max=50,plot=FALSE)
diff4<-diff(datats,differences=4)
plot.ts(diff4)
acf(diff4,lag.max=50)
acf(diff4,lag.max=50,plot=FALSE)
pacf(diff4,lag.max=50)
pacf(diff4,lag.max=50,plot=FALSE)
myarima<-arima(datats,order=c(8,4,15))
myarimaforecast<-forecast.Arima(myarima,h=5,level=c(99.5))
plot.forecast(myarimaforecast)
myarimaforecast
install.packages("xts")
library('forecast')
library('xts')
data<- c(44.0,46.0,42.0,22.0,43.0,44.0,22.0,32.0,34.0,25.0,20.0,21.0,30.0,32.0,22.0,25.0,32.0,19.0,20.0,36.0,38.0,26.0,24.0,26.0,28.0,23.0,22.0,20.0,29.0,17.0,35.0,17.0,28.0,27.0,27.0,21.0,26.0,37.0,33.0,28.0,29.0,27.0,36.0,29.0,33.0,28.0,27.0,36.0,27.0,29.0,27.0,31.0,14.0,27.0,31.0,45.0,33.0,29.0,40.0,37.0,22.0,27.0,47.0,45.0,44.0,61.0,49.0,35.0,45.0,58.0,54.0,51.0,48.0,50.0,43.0,51.0,58.0,59.0,67.0,54.0,49.0,71.0,45.0,72.0,75.0,61.0,41.0,71.0,66.0,58.0,59.0,66.0,58.0,51.0,59.0,54.0,52.0,63.0,68.0,73.0,75.0,61.0,44.0,80.0,81.0,83.0,103.0,107.0,81.0,96.0,90.0,99.0,80.0,112.0,105.0,80.0,55.0,61.0,76.0,62.0,77.0,76.0,88.0,82.0,81.0,90.0,76.0,91.0,94.0,87.0,63.0,88.0,106.0,79.0,74.0,101.0,96.0,97.0,89.0,92.0,100.0,97.0,106.0,115.0,107.0,115.0,95.0,85.0,97.0,145.0,97.0,133.0,113.0,118.0,104.0,124.0,121.0,128.0,111.0,144.0,131.0,154.0,129.0,133.0,153.0,125.0,169.0,158.0,164.0,138.0,137.0,159.0,158.0,164.0,153.0,243.0,203.0,234.0,191.0,206.0,244.0,223.0,214.0,274.0,227.0,215.0,249.0,225.0,246.0,214.0,187.0,177.0,192.0,215.0,221.0,191.0,188.0,172.0,215.0,170.0,157.0,213.0,221.0,221.0,155.0,205.0,173.0,206.0,181.0,200.0,170.0,189.0,166.0,169.0,147.0,166.0,145.0,205.0,220.0,175.0,213.0,175.0,171.0,144.0,162.0,140.0,149.0,169.0,156.0,197.0,179.0,203.0,214.0,238.0,176.0,197.0,212.0,195.0,212.0,217.0,194.0,213.0,211.0,186.0,173.0,225.0,217.0,168.0,192.0,185.0,176.0,263.0,199.0,193.0,193.0,215.0,261.0,280.0,248.0,307.0,269.0,350.0,323.0,319.0,346.0,298.0,352.0,323.0,425.0,398.0,344.0,289.0,318.0,294.0,324.0,287.0,280.0,267.0,276.0,271.0,311.0,309.0,316.0,302.0,256.0,261.0,228.0,208.0,234.0,197.0,204.0,217.0,218.0,199.0,208.0,220.0,221.0,160.0,182.0,226.0)
datats <- ts(data)
plot.ts(datats)
diff1<-diff(datats,differences=1)
plot.ts(diff1)
diff2<-diff(datats,differences=2)
plot.ts(diff2)
diff3<-diff(datats,differences=3)
plot.ts(diff3)
diff4<-diff(datats,differences=4)
plot.ts(diff4)
acf(diff4,lag.max=50)
acf(diff4,lag.max=50,plot=FALSE)
pacf(diff4,lag.max=50)
pacf(diff4,lag.max=50,plot=FALSE)
myarima<-arima(datats,order=c(8,5,1))
pacf(diff4,lag.max=50,plot=FALSE)
myarima<-arima(datats,order=c(8,515))
myarima<-arima(datats,order=c(8,5,15))
myarima<-arima(datats,order=c(5,8,15))
myarimaforecast<-forecast.Arima(myarima,h=5,level=c(99.5))
plot.forecast(myarimaforecast)
myarimaforecast<-forecast.Arima(myarima,h=5,level=c(99.5))
print(myarimaforecast)
install.packages("xts")
install.packages("xts")
library('forecast')
library('xts')
data<- c(149.0,194.0,166.0,188.0,153.0,156.0,138.0,140.0,150.0,128.0,170.0,125.0,116.0,135.0,166.0,134.0,122.0,115.0,86.0,104.0,118.0,129.0,114.0,96.0,115.0,135.0,102.0,109.0,96.0,115.0,107.0,90.0,129.0,119.0,122.0,108.0,104.0,87.0,94.0,79.0,76.0,82.0,73.0,87.0,80.0,106.0,114.0,127.0,132.0,112.0,122.0,109.0,95.0,87.0,103.0,97.0,87.0,100.0,94.0,94.0,100.0,106.0,95.0,77.0,111.0,100.0,88.0,103.0,110.0,97.0,92.0,105.0,110.0,96.0,92.0,91.0,112.0,93.0,123.0,119.0,106.0,107.0,111.0,161.0,121.0,103.0,138.0,140.0,119.0,126.0,160.0,125.0,102.0,127.0,126.0,122.0,121.0,134.0,133.0,139.0,103.0,129.0,149.0,170.0,173.0,192.0,205.0,211.0,167.0,201.0,204.0,164.0,155.0,190.0,184.0,152.0,164.0,140.0,147.0,185.0,192.0,215.0,199.0,200.0,158.0,191.0,178.0,232.0,198.0,180.0,217.0,212.0,199.0,225.0,214.0,223.0,196.0,186.0,172.0,210.0,219.0,186.0,233.0,201.0,214.0,215.0,219.0,211.0,225.0,245.0,247.0,260.0,237.0,218.0,271.0,247.0,223.0,246.0,298.0,243.0,239.0,270.0,231.0,258.0,265.0,309.0,245.0,238.0,263.0,259.0,264.0,276.0,300.0,307.0,271.0,306.0,271.0,248.0,291.0,260.0,322.0,300.0,317.0,303.0,301.0,303.0,309.0,295.0,318.0,304.0,330.0,298.0,312.0,303.0,312.0,327.0,332.0,387.0,346.0,367.0,295.0,348.0,335.0,277.0,336.0,301.0,290.0,253.0,317.0,316.0,319.0,284.0,300.0,312.0,303.0,307.0,304.0,230.0,255.0,288.0,245.0,261.0,262.0,307.0,259.0,292.0,295.0,259.0,282.0,273.0,324.0,335.0,228.0,306.0,333.0,286.0,302.0,230.0,293.0,284.0,302.0,286.0,319.0,304.0,334.0,366.0,396.0,457.0,338.0,451.0,478.0,445.0,512.0,499.0,553.0,676.0,653.0,639.0,666.0,618.0,702.0,649.0,701.0,696.0,748.0,687.0,727.0,681.0,596.0,558.0,605.0,608.0,638.0,617.0,673.0,485.0,592.0,556.0,502.0,451.0,439.0,454.0,427.0,432.0,444.0,419.0,354.0,388.0,252.0,315.0,342.0,369.0,301.0,296.0,293.0,247.0,271.0,295.0,298.0,271.0)
datats <- ts(data)
plot.ts(datats)
diff1<-diff(datats,differences=1)
plot.ts(diff1)
diff2<-diff(datats,differences=2)
plot.ts(diff2)
diff3<-diff(datats,differences=3)
plot.ts(diff3)
diff4<-diff(datats,differences=4)
plot.ts(diff4)
diff5<-diff(datats,differences=5)
plot.ts(diff5)
acf(diff4,lag.max=50)
acf(diff4,lag.max=50,plot=FALSE)
pacf(diff4,lag.max=50)
pacf(diff4,lag.max=50,plot=FALSE)
myarima<-arima(datats,order=c(6,5,15))
myarima<-arima(datats,order=c(6,5,15))
myarimaforecast<-forecast.Arima(myarima,h=5,level=c(99.5))
plot.forecast(myarimaforecast)
print(myarimaforecast)
myarima<-arima(datats,order=c(6,5,15))
myarima<-arima(datats,order=c(6,5,10))
warnings()
myarimaforecast<-forecast.Arima(myarima,h=5,level=c(99.5))
plot.forecast(myarimaforecast)
print(myarimaforecast)
library('forecast')
library('xts')
data<- c(253.0,284.0,241.0,266.0,269.0,279.0,295.0,287.0,286.0,267.0,253.0,255.0,248.0,216.0,215.0,179.0,200.0,176.0,163.0,160.0,174.0,198.0,159.0,173.0,188.0,
146.0,121.0,143.0,159.0,153.0,126.0,120.0,129.0,147.0,165.0,159.0,210.0,206.0,216.0,234.0,243.0,260.0,266.0,248.0,223.0,263.0,254.0,283.0,289.0,270.0,
201.0,260.0,277.0,247.0,249.0,274.0,261.0,216.0,254.0,304.0,284.0,247.0,262.0,275.0,239.0,241.0,276.0,232.0,231.0,253.0,268.0,204.0,212.0,271.0,248.0,
244.0,216.0,237.0,197.0,201.0,241.0,269.0,225.0,248.0,262.0,262.0,223.0,214.0,242.0,199.0,196.0,212.0,223.0,188.0,198.0,234.0,227.0,232.0,224.0,214.0,
223.0,266.0,289.0,344.0,388.0,364.0,391.0,321.0,322.0,321.0,332.0,367.0,340.0,299.0,334.0,318.0,280.0,267.0,303.0,319.0,330.0,335.0,322.0,306.0,305.0,
349.0,403.0,359.0,322.0,336.0,349.0,272.0,312.0,318.0,323.0,355.0,369.0,371.0,347.0,376.0,377.0,378.0,298.0,351.0,362.0,358.0,310.0,358.0,378.0,369.0,
344.0,371.0,385.0,405.0,395.0,384.0,397.0,407.0,395.0,408.0,452.0,436.0,423.0,447.0,418.0,453.0,466.0,499.0,479.0,469.0,594.0,512.0,483.0,541.0,530.0,
505.0,519.0,493.0,567.0,566.0,563.0,565.0,598.0,566.0,586.0,637.0,660.0,679.0,618.0,573.0,659.0,655.0,622.0,609.0,627.0,700.0,581.0,603.0,619.0,585.0,
649.0,633.0,627.0,610.0,579.0,574.0,588.0,618.0,601.0,588.0,599.0,526.0,523.0,502.0,605.0,660.0,635.0,664.0,702.0,739.0,708.0,738.0,759.0,720.0,723.0,
625.0,644.0,675.0,668.0,690.0,771.0,782.0,738.0,785.0,739.0,648.0,688.0,714.0,678.0,735.0,752.0,789.0,861.0,824.0,805.0,831.0,772.0,711.0,687.0,590.0,
723.0,703.0,741.0,788.0,758.0,741.0,732.0,718.0,729.0,735.0,684.0,768.0,773.0,821.0,799.0,853.0,890.0,873.0,751.0,833.0,930.0,936.0,973.0,1155.0,1085.0,
1049.0,895.0,1010.0,1098.0,936.0,929.0,879.0,941.0,896.0,925.0,887.0,887.0,845.0,919.0,876.0,775.0,689.0,765.0,745.0,746.0,623.0,593.0,615.0,490.0,519.0)
data<- c(253.0,284.0,241.0,266.0,269.0,279.0,295.0,287.0,286.0,267.0,253.0,255.0,248.0,216.0,215.0,179.0,200.0,176.0,163.0,160.0,174.0,198.0,159.0,173.0,188.0,
+          146.0,121.0,143.0,159.0,153.0,126.0,120.0,129.0,147.0,165.0,159.0,210.0,206.0,216.0,234.0,243.0,260.0,266.0,248.0,223.0,263.0,254.0,283.0,289.0,270.0,
+          201.0,260.0,277.0,247.0,249.0,274.0,261.0,216.0,254.0,304.0,284.0,247.0,262.0,275.0,239.0,241.0,276.0,232.0,231.0,253.0,268.0,204.0,212.0,271.0,248.0,
+          244.0,216.0,237.0,197.0,201.0,241.0,269.0,225.0,248.0,262.0,262.0,223.0,214.0,242.0,199.0,196.0,212.0,223.0,188.0,198.0,234.0,227.0,232.0,224.0,214.0,
+          223.0,266.0,289.0,344.0,388.0,364.0,391.0,321.0,322.0,321.0,332.0,367.0,340.0,299.0,334.0,318.0,280.0,267.0,303.0,319.0,330.0,335.0,322.0,306.0,305.0,
+          349.0,403.0,359.0,322.0,336.0,349.0,272.0,312.0,318.0,323.0,355.0,369.0,371.0,347.0,376.0,377.0,378.0,298.0,351.0,362.0,358.0,310.0,358.0,378.0,369.0,
+          344.0,371.0,385.0,405.0,395.0,384.0,397.0,407.0,395.0,408.0,452.0,436.0,423.0,447.0,418.0,453.0,466.0,499.0,479.0,469.0,594.0,512.0,483.0,541.0,530.0,
+          505.0,519.0,493.0,567.0,566.0,563.0,565.0,598.0,566.0,586.0,637.0,660.0,679.0,618.0,573.0,659.0,655.0,622.0,609.0,627.0,700.0,581.0,603.0,619.0,585.0,
+          649.0,633.0,627.0,610.0,579.0,574.0,588.0,618.0,601.0,588.0,599.0,526.0,523.0,502.0,605.0,660.0,635.0,664.0,702.0,739.0,708.0,738.0,759.0,720.0,723.0,
+          625.0,644.0,675.0,668.0,690.0,771.0,782.0,738.0,785.0,739.0,648.0,688.0,714.0,678.0,735.0,752.0,789.0,861.0,824.0,805.0,831.0,772.0,711.0,687.0,590.0,
+          723.0,703.0,741.0,788.0,758.0,741.0,732.0,718.0,729.0,735.0,684.0,768.0,773.0,821.0,799.0,853.0,890.0,873.0,751.0,833.0,930.0,936.0,973.0,1155.0,1085.0,
+          1049.0,895.0,1010.0,1098.0,936.0,929.0,879.0,941.0,896.0,925.0,887.0,887.0,845.0,919.0,876.0,775.0,689.0,765.0,745.0,746.0,623.0,593.0,615.0,490.0,519.0)
data<- c(
253.0,284.0,241.0,266.0,269.0,279.0,295.0,287.0,286.0,267.0,253.0,255.0,248.0,216.0,215.0,179.0,200.0,176.0,163.0,160.0,174.0,198.0,159.0,173.0,188.0,146.0,121.0,143.0,159.0,153.0,126.0,120.0,129.0,147.0,165.0,159.0,210.0,206.0,216.0,234.0,243.0,260.0,266.0,248.0,223.0,263.0,254.0,283.0,289.0,270.0,201.0,260.0,277.0,247.0,249.0,274.0,261.0,216.0,254.0,304.0,284.0,247.0,262.0,275.0,239.0,241.0,276.0,232.0,231.0,253.0,268.0,204.0,212.0,271.0,248.0,244.0,216.0,237.0,197.0,201.0,241.0,269.0,225.0,248.0,262.0,262.0,223.0,214.0,242.0,199.0,196.0,212.0,223.0,188.0,198.0,234.0,227.0,232.0,224.0,214.0,223.0,266.0,289.0,344.0,388.0,364.0,391.0,321.0,322.0,321.0,332.0,367.0,340.0,299.0,334.0,318.0,280.0,267.0,303.0,319.0,330.0,335.0,322.0,306.0,305.0,349.0,403.0,359.0,322.0,336.0,349.0,272.0,312.0,318.0,323.0,355.0,369.0,371.0,347.0,376.0,377.0,378.0,298.0,351.0,362.0,358.0,310.0,358.0,378.0,369.0,344.0,371.0,385.0,405.0,395.0,384.0,397.0,407.0,395.0,408.0,452.0,436.0,423.0,447.0,418.0,453.0,466.0,499.0,479.0,469.0,594.0,512.0,483.0,541.0,530.0,505.0,519.0,493.0,567.0,566.0,563.0,565.0,598.0,566.0,586.0,637.0,660.0,679.0,618.0,573.0,659.0,655.0,622.0,609.0,627.0,700.0,581.0,603.0,619.0,585.0,649.0,633.0,627.0,610.0,579.0,574.0,588.0,618.0,601.0,588.0,599.0,526.0,523.0,502.0,605.0,660.0,635.0,664.0,702.0,739.0,708.0,738.0,759.0,720.0,723.0,625.0,644.0,675.0,668.0,690.0,771.0,782.0,738.0,785.0,739.0,648.0,688.0,714.0,678.0,735.0,752.0,789.0,861.0,824.0,805.0,831.0,772.0,711.0,687.0,590.0,723.0,703.0,741.0,788.0,758.0,741.0,732.0,718.0,729.0,735.0,684.0,768.0,773.0,821.0,799.0,853.0,890.0,873.0,751.0,833.0,930.0,936.0,973.0,1155.0,1085.0,1049.0,895.0,1010.0,1098.0,936.0,929.0,879.0,941.0,896.0,925.0,887.0,887.0,845.0,919.0,876.0,775.0,689.0,765.0,745.0,746.0,623.0,593.0,615.0,490.0,519.0)
datats <- ts(data)
plot.ts(datats)
diff1<-diff(datats,differences=1)
plot.ts(diff1)
diff2<-diff(datats,differences=2)
plot.ts(diff2)
diff4<-diff(datats,differences=4)
plot.ts(diff4)
diff5<-diff(datats,differences=5)
plot.ts(diff5)
acf(diff4,lag.max=50)
acf(diff5,lag.max=50)
acf(diff4,lag.max=50,plot=FALSE)
pacf(diff4,lag.max=50)
pacf(diff4,lag.max=50,plot=FALSE)
pacf(diff5,lag.max=50)
pacf(diff4,lag.max=50,plot=FALSE)
pacf(diff5,lag.max=50,plot=FALSE)
myarima<-arima(datats,order=c(5,4,15))
myarimaforecast<-forecast.Arima(myarima,h=5,level=c(99.5))
plot.forecast(myarimaforecast)
print(myarimaforecast)
library('forecast')
library('xts')
data<- c(351.0,386.0,429.0,379.0,416.0,387.0,367.0,367.0,296.0,307.0,349.0,335.0,313.0,296.0,281.0,293.0,268.0,301.0,304.0,304.0,271.0,327.0,276.0,250.0,191.0,
311.0,348.0,377.0,327.0,340.0,326.0,350.0,352.0,371.0,344.0,324.0,340.0,333.0,301.0,313.0,326.0,303.0,307.0,267.0,285.0,265.0,264.0,295.0,260.0,231.0,
247.0,232.0,271.0,276.0,241.0,213.0,244.0,245.0,297.0,264.0,266.0,236.0,227.0,271.0,251.0,281.0,295.0,250.0,291.0,250.0,245.0,243.0,283.0,312.0,272.0,
274.0,282.0,282.0,207.0,238.0,298.0,368.0,344.0,344.0,306.0,312.0,306.0,326.0,304.0,310.0,324.0,356.0,336.0,338.0,340.0,343.0,348.0,321.0,300.0,291.0,
318.0,332.0,340.0,388.0,419.0,335.0,369.0,412.0,376.0,358.0,375.0,347.0,349.0,378.0,409.0,340.0,379.0,436.0,424.0,350.0,418.0,371.0,364.0,353.0,383.0,
396.0,411.0,462.0,483.0,372.0,370.0,388.0,461.0,381.0,425.0,406.0,443.0,448.0,439.0,460.0,449.0,429.0,465.0,466.0,423.0,449.0,549.0,485.0,473.0,537.0,
552.0,560.0,676.0,615.0,597.0,603.0,611.0,582.0,656.0,598.0,646.0,592.0,657.0,655.0,704.0,679.0,676.0,674.0,691.0,705.0,599.0,539.0,693.0,670.0,602.0,
584.0,567.0,659.0,653.0,727.0,685.0,710.0,725.0,731.0,766.0,672.0,681.0,718.0,660.0,725.0,676.0,704.0,672.0,676.0,681.0,612.0,642.0,626.0,713.0,695.0,
668.0,687.0,633.0,569.0,602.0,603.0,623.0,541.0,620.0,624.0,607.0,567.0,545.0,601.0,577.0,533.0,538.0,541.0,544.0,557.0,503.0,494.0,456.0,504.0,477.0,
363.0,402.0,400.0,447.0,480.0,529.0,523.0,601.0,578.0,568.0,578.0,562.0,544.0,500.0,606.0,463.0,568.0,531.0,651.0,659.0,692.0,795.0,854.0,841.0,880.0,
820.0,754.0,782.0,846.0,850.0,928.0,1036.0,1067.0,1043.0,824.0,885.0,825.0,660.0,753.0,737.0,643.0,665.0,673.0,626.0,581.0,656.0,691.0,644.0,696.0,736.0,
652.0,732.0,771.0,723.0,747.0,786.0,818.0,863.0,871.0,865.0,806.0,796.0,755.0,713.0,591.0,590.0,644.0,506.0,528.0,578.0,592.0,525.0,612.0,641.0,638.0)
datats <- ts(data)
plot.ts(datats)
diff1<-diff(datats,differences=1)
plot.ts(diff1)
diff4<-diff(datats,differences=4)
plot.ts(diff4)
diff5<-diff(datats,differences=5)
plot.ts(diff5)
plot.ts(diff4)
acf(diff4,lag.max=50)
acf(diff4,lag.max=50,plot=FALSE)
pacf(diff4,lag.max=50)
pacf(diff4,lag.max=50,plot=FALSE)
myarima<-arima(datats,order=c(8,4,15))
myarimaforecast<-forecast.Arima(myarima,h=5,level=c(99.5))
plot.forecast(myarimaforecast)
print(myarimaforecast)
library('forecast')
library('xts')
data<- c(602.0,603.0,662.0,646.0,638.0,619.0,631.0,620.0,571.0,514.0,620.0,584.0,514.0,538.0,436.0,492.0,511.0,559.0,557.0,510.0,478.0,422.0,445.0,411.0,437.0,
361.0,367.0,331.0,350.0,346.0,313.0,300.0,344.0,274.0,289.0,246.0,274.0,223.0,184.0,221.0,261.0,325.0,320.0,358.0,389.0,440.0,517.0,453.0,414.0,422.0,
409.0,374.0,317.0,386.0,299.0,289.0,336.0,330.0,271.0,288.0,293.0,294.0,295.0,304.0,336.0,310.0,316.0,316.0,310.0,304.0,322.0,365.0,312.0,297.0,334.0,
289.0,340.0,346.0,281.0,336.0,378.0,310.0,339.0,375.0,360.0,324.0,349.0,310.0,271.0,279.0,304.0,334.0,321.0,337.0,289.0,299.0,316.0,331.0,316.0,355.0,
288.0,335.0,426.0,406.0,471.0,448.0,410.0,386.0,357.0,458.0,414.0,441.0,402.0,406.0,350.0,345.0,363.0,400.0,409.0,385.0,381.0,378.0,345.0,454.0,438.0,
393.0,439.0,412.0,396.0,385.0,408.0,457.0,413.0,348.0,411.0,421.0,414.0,409.0,395.0,404.0,406.0,411.0,426.0,438.0,467.0,478.0,494.0,455.0,429.0,429.0,
489.0,499.0,500.0,417.0,515.0,566.0,613.0,640.0,606.0,641.0,576.0,615.0,580.0,610.0,653.0,622.0,633.0,675.0,670.0,698.0,708.0,718.0,700.0,774.0,743.0,
683.0,747.0,750.0,682.0,694.0,678.0,730.0,746.0,781.0,802.0,841.0,749.0,797.0,827.0,810.0,788.0,776.0,814.0,746.0,794.0,791.0,806.0,841.0,769.0,798.0,
712.0,752.0,787.0,838.0,807.0,813.0,826.0,837.0,803.0,786.0,822.0,764.0,824.0,747.0,816.0,776.0,782.0,824.0,835.0,836.0,730.0,626.0,755.0,799.0,800.0,
620.0,617.0,585.0,632.0,716.0,666.0,825.0,944.0,904.0,932.0,906.0,830.0,851.0,792.0,775.0,797.0,851.0,898.0,864.0,834.0,858.0,853.0,770.0,833.0,757.0,
994.0,993.0,1002.0,1179.0,1237.0,1294.0,1352.0,1382.0,1270.0,1408.0,1612.0,1613.0,1821.0,1702.0,1841.0,1774.0,1614.0,1641.0,1687.0,1511.0,1517.0,1487.0,1363.0,1238.0,1276.0,1236.0,1091.0,1015.0,960.0,941.0,932.0,905.0,779.0,775.0,741.0,816.0,749.0,760.0,701.0,623.0,607.0,608.0,642.0,598.0,549.0,540.0,602.0,605.0,574.0,520.0)
datats <- ts(data)
plot.ts(datats)
diff1<-diff(datats,differences=1)
plot.ts(diff1)
diff4<-diff(datats,differences=4)
plot.ts(diff4)
acf(diff4,lag.max=50)
acf(diff4,lag.max=50,plot=FALSE)
pacf(diff4,lag.max=50)
pacf(diff4,lag.max=50,plot=FALSE)
myarima<-arima(datats,order=c(8,4,15))
myarimaforecast<-forecast.Arima(myarima,h=5,level=c(99.5))
plot.forecast(myarimaforecast)
print(myarimaforecast)
data<- c(563.0,591.0,627.0,660.0,615.0,550.0,552.0,555.0,509.0,540.0,476.0,493.0,467.0,449.0,431.0,459.0,505.0,399.0,456.0,350.0,434.0,377.0,356.0,370.0,322.0,
313.0,244.0,233.0,308.0,309.0,367.0,365.0,399.0,431.0,463.0,478.0,506.0,467.0,502.0,461.0,406.0,386.0,424.0,425.0,428.0,463.0,453.0,432.0,451.0,429.0,
395.0,406.0,377.0,364.0,371.0,395.0,384.0,354.0,367.0,381.0,349.0,370.0,391.0,429.0,327.0,387.0,416.0,381.0,419.0,377.0,377.0,415.0,381.0,379.0,336.0,
441.0,416.0,434.0,411.0,434.0,478.0,455.0,438.0,406.0,443.0,420.0,404.0,473.0,478.0,450.0,428.0,472.0,470.0,445.0,409.0,439.0,411.0,433.0,448.0,489.0,
386.0,400.0,529.0,459.0,493.0,479.0,471.0,521.0,528.0,473.0,444.0,455.0,464.0,435.0,505.0,542.0,471.0,496.0,583.0,508.0,455.0,438.0,495.0,492.0,487.0,
458.0,503.0,502.0,476.0,482.0,424.0,547.0,562.0,562.0,446.0,568.0,545.0,620.0,472.0,459.0,595.0,445.0,527.0,483.0,572.0,503.0,486.0,532.0,528.0,492.0,
584.0,559.0,562.0,617.0,564.0,622.0,604.0,601.0,549.0,586.0,675.0,654.0,686.0,662.0,697.0,661.0,702.0,726.0,712.0,694.0,683.0,640.0,682.0,751.0,731.0,
758.0,702.0,724.0,730.0,764.0,709.0,642.0,714.0,742.0,679.0,699.0,643.0,617.0,673.0,760.0,755.0,674.0,694.0,775.0,738.0,724.0,791.0,792.0,756.0,681.0,
774.0,729.0,794.0,814.0,843.0,748.0,785.0,746.0,631.0,679.0,680.0,633.0,766.0,730.0,718.0,730.0,726.0,660.0,820.0,623.0,647.0,734.0,619.0,622.0,666.0,
507.0,483.0,554.0,534.0,583.0,646.0,698.0,755.0,721.0,753.0,677.0,659.0,668.0,652.0,667.0,648.0,733.0,706.0,705.0,814.0,749.0,793.0,846.0,766.0,728.0,
870.0,856.0,880.0,899.0,835.0,838.0,889.0,769.0,787.0,768.0,739.0,774.0,776.0,877.0,879.0,856.0,990.0,932.0,868.0,803.0,864.0,846.0,829.0,853.0,891.0,
851.0,761.0,745.0,816.0,815.0,862.0,821.0,866.0,839.0,760.0,773.0,782.0,770.0,814.0,889.0,825.0,900.0,906.0,1058.0,891.0,913.0,957.0,857.0,876.0,870.0)
datats <- ts(data)
plot.ts(datats)
diff4<-diff(datats,differences=4)
plot.ts(diff4)
diff5<-diff(datats,differences=5)
plot.ts(diff5)
acf(diff5,lag.max=50)
acf(diff4,lag.max=50,plot=FALSE)
pacf(diff4,lag.max=50)
pacf(diff4,lag.max=50,plot=FALSE)
myarima<-arima(datats,order=c(7,4,15))
myarimaforecast<-forecast.Arima(myarima,h=5,level=c(99.5))
plot.forecast(myarimaforecast)
print(myarimaforecast)
data<- c(831.0,803.0,798.0,766.0,783.0,764.0,799.0,767.0,772.0,701.0,683.0,637.0,649.0,636.0,547.0,603.0,525.0,506.0,488.0,390.0,326.0,330.0,351.0,384.0,353.0,
596.0,539.0,551.0,513.0,436.0,517.0,501.0,476.0,439.0,451.0,503.0,512.0,445.0,445.0,475.0,432.0,405.0,407.0,453.0,467.0,467.0,437.0,407.0,418.0,414.0,
400.0,386.0,344.0,448.0,400.0,356.0,372.0,346.0,312.0,332.0,422.0,377.0,422.0,384.0,384.0,386.0,416.0,425.0,378.0,400.0,378.0,382.0,398.0,384.0,416.0,
358.0,376.0,390.0,474.0,464.0,487.0,466.0,525.0,468.0,466.0,463.0,490.0,430.0,454.0,486.0,438.0,418.0,395.0,405.0,428.0,415.0,507.0,451.0,401.0,431.0,
517.0,473.0,490.0,497.0,500.0,549.0,493.0,461.0,433.0,443.0,464.0,461.0,529.0,479.0,477.0,492.0,501.0,470.0,477.0,515.0,471.0,531.0,458.0,470.0,458.0,
519.0,524.0,575.0,495.0,453.0,509.0,491.0,498.0,439.0,487.0,550.0,557.0,550.0,553.0,573.0,532.0,573.0,568.0,603.0,644.0,605.0,448.0,651.0,680.0,570.0,
650.0,633.0,685.0,684.0,673.0,682.0,697.0,738.0,735.0,748.0,729.0,716.0,682.0,668.0,843.0,800.0,782.0,857.0,802.0,795.0,810.0,831.0,856.0,817.0,801.0,
886,877,836,830,858,937,865,474,909,948,878,853,887,888,755,928,919,888,867,890,934,862,775,871,852,937,892,880,807,923,813,749,811,778,818,866,816,723,790,779,784,837,827,829,780,823,704,719,799,754,620,634,739,686,790,869,996,1054,1012,1061,1067,950,1067,1060,1129,1109,1006,1074,1019,1136,1143,1148,1128,1110,1113,
1056,1026,1118,1144,1159,1145,1176,1252,1304,1361,1355,1361,1301,1263,1360,1345,1514,1560,1549,1622,1411,1388,1388,1275,1167,1026,1024,991,968,993,962,1017,1004,1027,1110,1097,1133,1192,1131,1145,1073,1113,935,860,813,815,814,715,730,770)
datats <- ts(data)
plot.ts(datats)
diff4<-diff(datats,differences=4)
plot.ts(diff4)
diff5<-diff(datats,differences=5)
plot.ts(diff5)
acf(diff5,lag.max=50)
acf(diff4,lag.max=50,plot=FALSE)
pacf(diff4,lag.max=50)
pacf(diff4,lag.max=50,plot=FALSE)
myarima<-arima(datats,order=c(9,8,15))
myarima<-arima(datats,order=c(9,8,10))
myarima<-arima(datats,order=c(9,8,12))
myarima<-arima(datats,order=c(9,8,20))
myarima<-arima(datats,order=c(9,8,8))
myarima<-arima(datats,order=c(9,8,10))
myarima<-arima(datats,order=c(9,8,1))
myarima<-arima(datats,order=c(9,8,2))
myarima<-arima(datats,order=c(9,4,2))
myarima<-arima(datats,order=c(9,4,20))
myarima<-arima(datats,order=c(9,4,15))
myarima<-arima(datats,order=c(8,9,15))
myarima<-arima(datats,order=c(8,9,19))
myarima<-arima(datats,order=c(8,9,10))
myarima<-arima(datats,order=c(9,8,30))
myarima<-arima(datats,order=c(9,8,38))
myarima<-arima(datats,order=c(9,8,8))
myarima<-arima(datats,order=c(9,8,17))
myarima<-arima(datats,order=c(9,8,18))
myarima<-arima(datats,order=c(9,8,15))
myarima<-arima(datats,order=c(9,8,15))
diff5<-diff(datats,differences=5)
plot.ts(diff5)
acf(diff4,lag.max=50)
acf(diff5,lag.max=50)
acf(diff5,lag.max=50,plot=FALSE)
pacf(diff4,lag.max=50)
pacf(diff5,lag.max=50)
pacf(diff4,lag.max=50,plot=FALSE)
myarima<-arima(datats,order=c(8,7,15))
pacf(diff5,lag.max=50,plot=FALSE)
myarima<-arima(datats,order=c(8,7,15))
myarima<-arima(datats,order=c(8,7,10))
myarima<-arima(datats,order=c(4,7,15))
myarima<-arima(datats,order=c(4,7,10))
myarima<-arima(datats,order=c(4,7,18))
myarima<-arima(datats,order=c(8,7,28))
myarima<-arima(datats,order=c(8,7,38))
myarima<-arima(datats,order=c(8,7,48))
myarima<-arima(datats,order=c(8,7,15))
myarima<-arima(datats,order=c(8,7,28))
diff6<-diff(datats,differences=6)
plot.ts(diff6)
acf(diff6,lag.max=50)
acf(diff4,lag.max=50,plot=FALSE)
pacf(diff6,lag.max=50)
pacf(diff4,lag.max=50,plot=FALSE)
myarima<-arima(datats,order=c(6,4,15))
myarima<-arima(datats,order=c(6,4,10))
myarima<-arima(datats,order=c(7,4,10))
myarima<-arima(datats,order=c(6,8,10))
myarimaforecast<-forecast.Arima(myarima,h=5,level=c(99.5))
plot.forecast(myarimaforecast)
print(myarimaforecast)
myarima<-arima(datats,order=c(6,4,15))
data<- c(44.0,46.0,42.0,22.0,43.0,44.0,22.0,32.0,34.0,25.0,20.0,21.0,30.0,32.0,22.0,25.0,32.0,19.0,20.0,36.0,38.0,26.0,24.0,26.0,28.0,23.0,22.0,20.0,29.0,17.0,35.0,17.0,28.0,27.0,27.0,21.0,26.0,37.0,33.0,28.0,29.0,27.0,36.0,29.0,33.0,28.0,27.0,36.0,27.0,29.0,27.0,31.0,14.0,27.0,31.0,45.0,33.0,29.0,40.0,37.0,22.0,27.0,47.0,45.0,44.0,61.0,49.0,35.0,45.0,58.0,54.0,51.0,48.0,50.0,43.0,51.0,58.0,59.0,67.0,54.0,49.0,71.0,45.0,72.0,75.0,61.0,41.0,71.0,66.0,58.0,59.0,66.0,58.0,51.0,59.0,54.0,52.0,63.0,68.0,73.0,75.0,61.0,44.0,80.0,81.0,83.0,103.0,107.0,81.0,96.0,90.0,99.0,80.0,112.0,105.0,80.0,55.0,61.0,76.0,62.0,77.0,76.0,88.0,82.0,81.0,90.0,76.0,91.0,94.0,87.0,63.0,88.0,106.0,79.0,74.0,101.0,96.0,97.0,89.0,92.0,100.0,97.0,106.0,115.0,107.0,115.0,95.0,85.0,97.0,145.0)
datats <- ts(data)
plot.ts(datats)
diff4<-diff(datats,differences=4)
plot.ts(diff4)
acf(diff4,lag.max=50)
acf(diff4,lag.max=50,plot=FALSE)\
acf(diff4,lag.max=50,plot=FALSE)
pacf(diff4,lag.max=50)
pacf(diff4,lag.max=50,plot=FALSE)
myarima<-arima(datats,order=c(7,4,15))
myarimaforecast<-forecast.Arima(myarima,h=5,level=c(99.5))
plot.forecast(myarimaforecast)
print(myarimaforecast)
data<- c(149.0,194.0,166.0,188.0,153.0,156.0,138.0,140.0,150.0,128.0,170.0,125.0,116.0,135.0,166.0,134.0,122.0,115.0,86.0,104.0,118.0,129.0,114.0,96.0,115.0,135.0,102.0,109.0,96.0,115.0,107.0,90.0,129.0,119.0,122.0,108.0,104.0,87.0,94.0,79.0,76.0,82.0,73.0,87.0,80.0,106.0,114.0,127.0,132.0,112.0,122.0,109.0,95.0,87.0,103.0,97.0,87.0,100.0,94.0,94.0,100.0,106.0,95.0,77.0,111.0,100.0,88.0,103.0,110.0,97.0,92.0,105.0,110.0,96.0,92.0,91.0,112.0,93.0,123.0,119.0,106.0,107.0,111.0,161.0,121.0,103.0,138.0,140.0,119.0,126.0,160.0,125.0,102.0,127.0,126.0,122.0,121.0,134.0,133.0,139.0,103.0,129.0,149.0,170.0,173.0,192.0,205.0,211.0,167.0,201.0,204.0,164.0,155.0,190.0,184.0,152.0,164.0,140.0,147.0,185.0,192.0,215.0,199.0,200.0,158.0,191.0,178.0,232.0,198.0,180.0,217.0,212.0,199.0,225.0,214.0,223.0,196.0,186.0,172.0,210.0,219.0,186.0,233.0,201.0,214.0,215.0,219.0,211.0,225.0,245.0)
datats <- ts(data)
plot.ts(datats)
diff4<-diff(datats,differences=4)
plot.ts(diff4)
acf(diff4,lag.max=50)
acf(diff4,lag.max=50,plot=FALSE)
pacf(diff4,lag.max=50)
myarima<-arima(datats,order=c(5,4,15))
myarimaforecast<-forecast.Arima(myarima,h=5,level=c(99.5))
plot.forecast(myarimaforecast)
print(myarimaforecast)
data<- c(48.0,216.0,215.0,179.0,200.0,176.0,163.0,160.0,174.0,198.0,159.0,173.0,188.0,146.0,121.0,143.0,159.0,153.0,126.0,120.0,129.0,147.0,165.0,159.0,210.0,206.0,216.0,234.0,243.0,260.0,266.0,248.0,223.0,263.0,254.0,283.0,289.0,270.0,201.0,260.0,277.0,247.0,249.0,274.0,261.0,216.0,254.0,304.0,284.0,247.0,262.0,275.0,239.0,241.0,276.0,232.0,231.0,253.0,268.0,204.0,212.0,271.0,248.0,
244.0,216.0,237.0,197.0,201.0,241.0,269.0,225.0,248.0,262.0,262.0,223.0,214.0,242.0,199.0,196.0,212.0,223.0,188.0,198.0,234.0,227.0,232.0,224.0,214.0,
223.0,266.0,289.0,344.0,388.0,364.0,391.0,321.0,322.0,321.0,332.0,367.0,340.0,299.0,334.0,318.0,280.0,267.0,303.0,319.0,330.0,335.0,322.0,306.0,305.0,
349.0,403.0,359.0,322.0,336.0,349.0,272.0,312.0,318.0,323.0,355.0,369.0,371.0,347.0,376.0,377.0,378.0,298.0,351.0,362.0,358.0,310.0,358.0,378.0,369.0,)
data<- c(831.0,803.0,798.0,766.0,783.0,764.0,799.0,767.0,772.0,701.0,683.0,637.0,649.0,636.0,547.0,603.0,525.0,506.0,488.0,390.0,326.0,330.0,351.0,384.0,353.0,
+          596.0,539.0,551.0,513.0,436.0,517.0,501.0,476.0,439.0,451.0,503.0,512.0,445.0,445.0,475.0,432.0,405.0,407.0,453.0,467.0,467.0,437.0,407.0,418.0,414.0,
+          400.0,386.0,344.0,448.0,400.0,356.0,372.0,346.0,312.0,332.0,422.0,377.0,422.0,384.0,384.0,386.0,416.0,425.0,378.0,400.0,378.0,382.0,398.0,384.0,416.0,
+          358.0,376.0,390.0,474.0,464.0,487.0,466.0,525.0,468.0,466.0,463.0,490.0,430.0,454.0,486.0,438.0,418.0,395.0,405.0,428.0,415.0,507.0,451.0,401.0,431.0,
+          517.0,473.0,490.0,497.0,500.0,549.0,493.0,461.0,433.0,443.0,464.0,461.0,529.0,479.0,477.0,492.0,501.0,470.0,477.0,515.0,471.0,531.0,458.0,470.0,458.0,
+          519.0,524.0,575.0,495.0,453.0,509.0,491.0,498.0,439.0,487.0,550.0,557.0,550.0,553.0,573.0,532.0,573.0,568.0,603.0,644.0,605.0,448.0,651.0,680.0,570.0,
+          650.0,633.0,685.0,684.0,673.0,682.0,697.0,738.0,735.0,748.0,729.0,716.0,682.0,668.0,843.0,800.0,782.0,857.0,802.0,795.0,810.0,831.0,856.0,817.0,801.0,
+          886,877,836,830,858,937,865,474,909,948,878,853,887,888,755,928,919,888,867,890,934,862,775,871,852,937,892,880,807,923,813,749,811,778,818,866,816,723,790,779,784,837,827,829,780,823,704,719,799,754,620,634,739,686,790,869,996,1054,1012,1061,1067,950,1067,1060,1129,1109,1006,1074,1019,1136,1143,1148,1128,1110,1113,
+          1056,1026,1118,1144,1159,1145,1176,1252,1304,1361,1355,1361,1301,1263,1360,1345,1514,1560,1549,1622,1411,1388,1388,1275,1167,1026,1024,991,968,993,962,1017,1004,1027,1110,1097,1133,1192,1131,1145,1073,1113,935,860,813,815,814,715,730,770)
datats <- ts(data)
plot.ts(datats)
diff3<-diff(datats,differences=3)
plot.ts(diff3)
acf(diff4,lag.max=50)
acf(diff3,lag.max=50)
acf(diff4,lag.max=50,plot=FALSE)
acf(diff3,lag.max=50,plot=FALSE)
pacf(diff3,lag.max=50)
pacf(diff4,lag.max=50,plot=FALSE)
pacf(diff3,lag.max=50,plot=FALSE)
acf(diff3,lag.max=50)
myarima<-arima(datats,order=c(11,4,15))
myarimaforecast<-forecast.Arima(myarima,h=5,level=c(99.5))
plot.forecast(myarimaforecast)
print(myarimaforecast)
dataFrame <- read.csv("outcome-of-care-measures.csv", colClasses = "character")
dummyMatrix <- as.matrix(dataFrame)
dummyMatrix[dummyMatrix=="Not Available"] <- NA
dataFrame <- as.data.frame(dummyMatrix)
names(dataFrame) <- tolower(gsub("[.]", "", names(dataFrame)))
setwd("L:/coursera/R/编程作业 3")
dataFrame <- read.csv("outcome-of-care-measures.csv", colClasses = "character")
dummyMatrix <- as.matrix(dataFrame)
dummyMatrix[dummyMatrix=="Not Available"] <- NA
dataFrame <- as.data.frame(dummyMatrix)
names(dataFrame) <- tolower(gsub("[.]", "", names(dataFrame)))
outcome <- "heart attack"
tolower(paste("Hospital30DayDeathMortalityRatesfrom", gsub(" ", "", outcome), sep=""))
state <- "TX"
dataFrame2 <- dataFrame[dataFrame$state == state, ]
View(dataFrame2)
?"na.omit"
dataFrame3 <- na.omit(dataFrame2[c("hospitalname", outcome)])
outcome <- tolower(paste("Hospital30DayDeathMortalityRatesfrom", gsub(" ", "", outcome), sep=""))
dataFrame3 <- na.omit(dataFrame2[c("hospitalname", outcome)])
View(dataFrame)
best <- function(state, outcome) {
## Read outcome data
dataFrame <- read.csv("outcome-of-care-measures.csv", colClasses = "character")
dummyMatrix <- as.matrix(dataFrame)
dummyMatrix[dummyMatrix=="Not Available"] <- NA
dataFrame <- as.data.frame(dummyMatrix)
names(dataFrame) <- tolower(gsub("[.]", "", names(dataFrame)))
outcome <- tolower(paste("Hospital30DayDeathMortalityRatesfrom", gsub(" ", "", outcome), sep=""))
## Check that state and outcome are valid
if(!state %in% dataFrame$state) {
stop("invalid state")
}
if(!outcome %in% names(dataFrame)) {
stop("invalid outcome")
}
## Return hospital name in that state with lowest 30-day death
dataFrame <- dataFrame[dataFrame$state == state, ]
dataFrame <- na.omit(dataFrame[c("hospitalname", outcome)])
dataFrame[,2] <- as.numeric(as.character(dataFrame[,2]))
dataFrame <- dataFrame[order(dataFrame[outcome], dataFrame["hospitalname"]), ]
## rate
as.character(dataFrame$hospitalname[1])
}
best("TX", "heart attack")
best("TX", "heart failure")
best("MD", "heart attack")
best("MD", "pneumonia")
best("BB","heart attack")
best("NY", "hert attack")
source("rprog-scripts-submitscript3.R")
submit()
submit()
submit()
rankhospital <- function(state, outcome, num = "best") {
## Read outcome data
dataFrame <- read.csv("outcome-of-care-measures.csv", colClasses = "character")
dummyMatrix <- as.matrix(dataFrame)
dummyMatrix[dummyMatrix=="Not Available"] <- NA
dataFrame <- as.data.frame(dummyMatrix)
names(dataFrame) <- tolower(gsub("[.]", "", names(dataFrame)))
outcome <- tolower(paste("Hospital30DayDeathMortalityRatesfrom", gsub(" ", "", outcome), sep=""))
## Check that state and outcome are valid
if(!state %in% dataFrame$state) {
stop("invalid state")
}
if(!outcome %in% names(dataFrame)) {
stop("invalid outcome")
}
## Return hospital name in that state with lowest 30-day death
dataFrame <- dataFrame[dataFrame$state == state, ]
dataFrame <- na.omit(dataFrame[c("hospitalname", outcome)])
dataFrame[,2] <- as.numeric(as.character(dataFrame[,2]))
dataFrame <- dataFrame[order(dataFrame[outcome], dataFrame["hospitalname"]), ]
## rate
if(num == "best") {
as.character(dataFrame$hospitalname[1])
}
else if(num == "worst") {
as.character(dataFrame$hospitalname[length(dataFrame[,2])])
}
else {
as.character(dataFrame$hospitalname[as.integer(num)])
}
}
rankhospital("TX", "heart failure", 4)
submit()
submit()
submit()
submit()
rankall <- function(outcome, num = "best") {
doStuff <- function(state, outcome, num) {
## Return hospital name in that state with lowest 30-day death
dataFrame <- dataFrame[dataFrame$state == state, ]
dataFrame <- na.omit(dataFrame[c("hospitalname", outcome)])
dataFrame[,2] <- as.numeric(as.character(dataFrame[,2]))
dataFrame <- dataFrame[order(dataFrame[outcome], dataFrame["hospitalname"]), ]
## rate
if(num == "best") {
as.character(dataFrame$hospitalname[1])
}
else if(num == "worst") {
as.character(dataFrame$hospitalname[length(dataFrame[,2])])
}
else {
as.character(dataFrame$hospitalname[as.integer(num)])
}
}
## Read outcome data
dataFrame <- read.csv("outcome-of-care-measures.csv", colClasses = "character")
dummyMatrix <- as.matrix(dataFrame)
dummyMatrix[dummyMatrix=="Not Available"] <- NA
dataFrame <- as.data.frame(dummyMatrix)
names(dataFrame) <- tolower(gsub("[.]", "", names(dataFrame)))
outcome <- tolower(paste("Hospital30DayDeathMortalityRatesfrom", gsub(" ", "", outcome), sep=""))
## Check that state and outcome are valid
if(!state %in% dataFrame$state) {
stop("invalid state")
}
if(!outcome %in% names(dataFrame)) {
stop("invalid outcome")
}
## For each state, find the hospital of the given rank
states <- character()
hospital <- character()
for(state in sort(unique(as.character(dataFrame$state)))) {
states <- append(states, state)
hospital <- append(hospital, doStuff(state, outcome, num))
}
## Return a data frame with the hospital names and the (abbreviated) state name
returnDf <- data.frame(hospital=hospital, state=states)
rownames(returnDf) <- returnDf$state
returnDf
}
head(rankall("heart attack", 20), 10)
tail(rankall("pneumonia", "worst"), 3)
tail(rankall("heart failure"), 10)
submit()
submit()
submit()
